year,rgn_id,score
2013,1,43.6193882847911
2013,2,43.6193882847911
2013,3,24.5569701700087
2013,4,24.5569701700087
2013,5,40.7995746966675
2013,6,40.7995746966675
2013,7,41.9279544587484
2013,8,41.9279544587484
2013,9,33.4306133456836
2013,10,33.4306133456836
2013,11,50.0152689640205
2013,12,50.0152689640205
2013,13,50.0152689640205
2013,14,55.3530620069547
2013,15,53.9498949811892
2013,16,57.4547622152409
2013,17,54.808945921358
2013,18,30.1
2013,19,30.1
2013,20,20.0745674636853
2013,21,32.428341177326
2013,22,27.6974761706508
2013,23,38.0609315384508
2013,24,21.7703017333705
2013,25,27.1199384340249
2013,26,22.2068790564355
2013,27,24.7114806204949
2013,28,24.7114806204949
2013,29,25.6584223504361
2013,30,30.0410069468188
2013,31,27.4445147707625
2013,32,35.3518931141043
2013,33,40.80782692809
2013,34,30.1722010166408
2013,35,26.0551565356633
2013,36,26.0551565356633
2013,37,70.5882352941176
2013,38,70.5882352941176
2013,39,NA
2013,40,NA
2013,41,77.5862068965517
2013,42,77.5862068965517
